v6.3.0 11/28/15 0.38    1.00    0.56    0.00 0.38
v6.4.0 06/13/16 0.38    0.96    0.58    0.13 0.37
v7.0.0 07/24/17 0.33    0.89    0.84    0.24 0.32
v7.1.0 03/06/18 0.35    0.89    0.90    0.00 0.31
v7.2.0 07/10/18 0.35    0.85    0.90    0.10 0.31
v7.3.0 08/02/19 0.36    0.83    0.90    0.07 0.31
v7.4.0 06/10/20 0.35    0.81    0.94    0.07 0.30
v7.5.0 07/13/21 0.33    0.80    0.97    0.04 0.29
v8.0.0 04/19/22 0.33    0.80    0.97    0.00 0.29
v8.1.0 07/30/22 0.35    0.78    1.00    0.06 0.29
v8.2.0 06/13/23 0.34    0.69    1.00    0.29 0.28
