0.10
0.12
0.12
0.12
0.12
0.13
0.13
0.13
0.13
0.13
0.13
0.13
0.13
0.13
0.13
0.13
0.14
0.14
0.14
0.14
0.14
0.14
0.14
0.14
0.14
0.14
0.14
0.14
0.14
0.14
0.14
0.15
0.15
0.15
0.15
0.15
0.15
0.15
0.15
0.15
0.15
0.15
0.15
0.15
0.15
0.15
0.16
0.16
0.16
0.16
0.16
0.16
0.16
0.16
0.16
0.16
0.16
0.16
0.16
0.16
0.16
0.16
0.16
0.16
0.16
0.16
0.16
0.16
0.17
0.17
0.17
0.17
0.17
0.17
0.17
0.17
0.17
0.17
0.17
0.17
0.17
0.17
0.17
0.17
0.17
0.18
0.18
0.18
0.18
0.18
0.18
0.18
0.18
0.18
0.18
0.18
0.18
0.18
0.19
0.19
0.19
0.19
0.19
0.19
0.19
0.19
0.19
0.19
0.19
0.19
0.19
0.19
0.19
0.19
0.19
0.19
0.19
0.19
0.19
0.19
0.19
0.19
0.19
0.19
0.20
0.20
0.20
0.20
0.20
0.20
0.20
0.20
0.20
0.20
0.20
0.20
0.20
0.20
0.20
0.20
0.20
0.20
0.20
0.20
0.20
0.20
0.20
0.20
0.20
0.20
0.20
0.20
0.20
0.20
0.20
0.20
0.20
0.20
0.20
0.20
0.20
0.20
0.20
0.20
0.20
0.20
0.20
0.20
0.20
0.20
0.20
0.20
0.20
0.20
0.20
0.20
0.20
0.20
0.20
0.20
0.20
0.20
0.20
0.20
0.20
0.20
0.20
0.20
0.20
0.20
0.20
0.20
0.20
0.20
0.20
0.20
0.20
0.20
0.20
0.20
0.20
0.20
0.20
0.20
0.20
0.20
0.20
0.20
0.20
0.20
0.20
0.20
0.20
0.20
0.20
0.20
0.20
0.20
0.20
0.20
0.20
0.20
0.20
0.20
0.20
0.20
0.20
0.20
0.20
0.20
0.20
0.20
0.20
0.20
0.20
0.20
0.20
0.20
0.20
0.20
0.20
0.20
0.20
0.20
0.20
0.20
0.20
0.20
0.20
0.20
0.20
0.20
0.20
0.20
0.20
0.20
0.20
0.20
0.20
0.20
0.20
0.20
0.20
0.20
0.20
0.20
0.20
0.20
0.20
0.20
0.20
0.20
0.20
0.20
0.20
0.20
0.20
0.20
0.20
0.20
0.20
0.20
0.21
0.21
0.21
0.21
0.21
0.21
0.21
0.21
0.21
0.21
0.21
0.21
0.21
0.21
0.21
0.21
0.21
0.21
0.21
0.21
0.21
0.21
0.21
0.21
0.21
0.21
0.21
0.21
0.21
0.21
0.21
0.21
0.21
0.21
0.21
0.21
0.21
0.21
0.21
0.21
0.21
0.21
0.21
0.21
0.21
0.21
0.21
0.21
0.21
0.21
0.21
0.21
0.21
0.21
0.21
0.21
0.21
0.21
0.21
0.21
0.21
0.21
0.21
0.21
0.21
0.21
0.21
0.21
0.21
0.21
0.21
0.21
0.21
0.21
0.21
0.21
0.21
0.21
0.21
0.21
0.21
0.21
0.21
0.21
0.21
0.21
0.21
0.21
0.21
0.21
0.21
0.21
0.21
0.21
0.21
0.21
0.21
0.21
0.21
0.21
0.21
0.21
0.21
0.21
0.21
0.21
0.21
0.21
0.21
0.21
0.21
0.21
0.21
0.21
0.21
0.21
0.21
0.21
0.21
0.21
0.21
0.21
0.21
0.21
0.21
0.21
0.21
0.21
0.21
0.21
0.21
0.21
0.21
0.21
0.21
0.21
0.21
0.21
0.21
0.21
0.21
0.21
0.21
0.21
0.21
0.21
0.21
0.21
0.21
0.21
0.21
0.21
0.21
0.21
0.21
0.21
0.21
0.21
0.21
0.21
0.21
0.21
0.21
0.21
0.21
0.21
0.21
0.21
0.21
0.21
0.21
0.21
0.21
0.21
0.21
0.21
0.21
0.21
0.21
0.21
0.21
0.21
0.21
0.21
0.21
0.21
0.21
0.21
0.21
0.21
0.21
0.21
0.21
0.21
0.21
0.21
0.21
0.21
0.21
0.21
0.21
0.21
0.21
0.21
0.21
0.21
0.21
0.21
0.21
0.21
0.21
0.21
0.21
0.21
0.21
0.21
0.21
0.21
0.21
0.21
0.21
0.21
0.21
0.21
0.21
0.21
0.21
0.21
0.21
0.21
0.21
0.21
0.21
0.21
0.21
0.21
0.21
0.21
0.21
0.21
0.21
0.21
0.21
0.21
0.21
0.21
0.21
0.21
0.21
0.21
0.21
0.21
0.21
0.21
0.21
0.21
0.21
0.21
0.21
0.21
0.21
0.21
0.21
0.21
0.21
0.21
0.21
0.21
0.21
0.21
0.21
0.21
0.21
0.21
0.21
0.21
0.21
0.21
0.21
0.22
0.22
0.22
0.22
0.22
0.22
0.22
0.22
0.22
0.22
0.22
0.22
0.22
0.22
0.22
0.22
0.22
0.22
0.22
0.22
0.22
0.22
0.22
0.22
0.22
0.22
0.22
0.22
0.22
0.22
0.22
0.22
0.22
0.22
0.22
0.22
0.22
0.22
0.22
0.22
0.22
0.22
0.22
0.22
0.22
0.22
0.22
0.22
0.22
0.22
0.22
0.22
0.22
0.22
0.22
0.22
0.22
0.22
0.22
0.22
0.22
0.22
0.22
0.22
0.22
0.22
0.22
0.22
0.22
0.22
0.22
0.22
0.22
0.22
0.22
0.22
0.22
0.22
0.22
0.22
0.22
0.22
0.22
0.22
0.22
0.22
0.22
0.22
0.22
0.22
0.22
0.22
0.22
0.22
0.22
0.22
0.22
0.22
0.22
0.22
0.22
0.22
0.22
0.22
0.22
0.22
0.22
0.22
0.22
0.22
0.22
0.22
0.22
0.22
0.22
0.22
0.22
0.22
0.22
0.22
0.22
0.22
0.22
0.22
0.22
0.22
0.22
0.22
0.22
0.22
0.22
0.22
0.22
0.22
0.22
0.22
0.22
0.22
0.22
0.22
0.22
0.22
0.22
0.22
0.22
0.22
0.22
0.22
0.22
0.22
0.22
0.22
0.22
0.22
0.22
0.22
0.22
0.22
0.22
0.22
0.22
0.22
0.22
0.22
0.22
0.22
0.22
0.22
0.22
0.22
0.22
0.22
0.22
0.22
0.22
0.22
0.22
0.22
0.22
0.22
0.22
0.22
0.22
0.22
0.22
0.22
0.22
0.22
0.22
0.22
0.22
0.22
0.22
0.22
0.23
0.23
0.23
0.23
0.23
0.23
0.23
0.23
0.23
0.23
0.23
0.23
0.23
0.23
0.23
0.23
0.23
0.23
0.23
0.23
0.23
0.23
0.23
0.23
0.23
0.23
0.23
0.23
0.23
0.23
0.23
0.23
0.23
0.23
0.23
0.23
0.23
0.23
0.23
0.23
0.24
0.24
0.24
0.24
0.24
0.24
0.25
0.38
0.42
0.46
0.46
0.46
0.46
0.47
0.48
0.48
0.48
0.49
0.49
0.49
0.49
0.49
0.49
0.49
0.49
0.49
0.50
0.50
0.50
0.51
0.51
0.51
0.51
0.51
0.51
0.51
0.51
0.51
0.51
0.51
0.51
0.51
0.51
0.51
0.51
0.51
0.52
0.52
0.52
0.52
0.52
0.52
0.52
0.52
0.52
0.52
0.52
0.52
0.52
0.52
0.52
0.52
0.53
0.53
0.53
0.53
0.53
0.53
0.53
0.53
0.53
0.53
0.53
0.53
0.53
0.53
0.53
0.53
0.53
0.53
0.53
0.53
0.53
0.53
0.53
0.53
0.53
0.53
0.53
0.53
0.53
0.53
0.53
0.53
0.53
0.53
0.53
0.53
0.53
0.53
0.54
0.54
0.54
0.54
0.54
0.54
0.54
0.54
0.54
0.54
0.54
0.54
0.54
0.54
0.54
0.54
0.54
0.54
0.54
0.54
0.54
0.54
0.54
0.54
0.54
0.54
0.54
0.54
0.54
0.54
0.54
0.54
0.54
0.54
0.54
0.54
0.54
0.54
0.54
0.54
0.54
0.54
0.54
0.54
0.54
0.54
0.54
0.55
0.55
0.55
0.55
0.55
0.55
0.55
0.55
0.55
0.55
0.55
0.55
0.55
0.55
0.55
0.55
0.55
0.55
0.55
0.55
0.55
0.55
0.55
0.55
0.55
0.55
0.55
0.55
0.55
0.55
0.55
0.55
0.55
0.55
0.55
0.55
0.55
0.55
0.55
0.55
0.55
0.55
0.55
0.55
0.55
0.55
0.55
0.55
0.55
0.55
0.55
0.55
0.55
0.55
0.55
0.55
0.55
0.55
0.55
0.55
0.55
0.55
0.55
0.55
0.55
0.55
0.55
0.55
0.55
0.55
0.55
0.55
0.55
0.55
0.55
0.55
0.55
0.55
0.55
0.55
0.55
0.55
0.55
0.55
0.55
0.55
0.55
0.55
0.55
0.55
0.55
0.55
0.55
0.55
0.55
0.55
0.55
0.55
0.55
0.55
0.55
0.56
0.56
0.56
0.56
0.56
0.56
0.56
0.56
0.56
0.56
0.56
0.56
0.56
0.56
0.56
0.56
0.56
0.56
0.56
0.56
0.56
0.56
0.56
0.56
0.56
0.56
0.56
0.56
0.56
0.56
0.56
0.56
0.56
0.56
0.56
0.56
0.56
0.56
0.56
0.56
0.56
0.56
0.56
0.56
0.56
0.56
0.56
0.56
0.56
0.56
0.56
0.56
0.56
0.56
0.56
0.56
0.56
0.56
0.56
0.56
0.56
0.56
0.56
0.56
0.56
0.56
0.56
0.56
0.56
0.56
0.56
0.56
0.56
0.56
0.56
0.56
0.56
0.56
0.56
0.56
0.56
0.56
0.56
0.56
0.56
0.56
0.56
0.56
0.56
0.56
0.56
0.56
0.56
0.56
0.56
0.56
0.56
0.56
0.56
0.56
0.56
0.56
0.56
0.56
0.56
0.56
0.56
0.56
0.56
0.57
0.57
0.57
0.57
0.57
0.57
0.57
0.57
0.57
0.57
0.57
0.57
0.57
0.57
0.57
0.57
0.57
0.57
0.57
0.57
0.57
0.57
0.57
0.57
0.57
0.57
0.57
0.57
0.57
0.57
0.57
0.57
0.57
0.57
0.57
0.57
0.57
0.57
0.57
0.57
0.57
0.57
0.57
0.57
0.57
0.57
0.57
0.57
0.57
0.57
0.57
0.57
0.57
0.57
0.57
0.57
0.57
0.57
0.57
0.57
0.57
0.57
0.57
0.57
0.57
0.57
0.57
0.57
0.57
0.57
0.57
0.57
0.57
0.57
0.57
0.57
0.57
0.57
0.57
0.57
0.57
0.57
0.57
0.57
0.57
0.57
0.57
0.57
0.57
0.57
0.57
0.57
0.57
0.57
0.57
0.57
0.57
0.57
0.57
0.57
0.57
0.57
0.58
0.58
0.58
0.58
0.58
0.58
0.58
0.58
0.58
0.58
0.58
0.58
0.58
0.58
0.58
0.58
0.58
0.58
0.58
0.58
0.58
0.58
0.58
0.58
0.58
0.58
0.58
0.58
0.58
0.58
0.58
0.58
0.58
0.58
0.58
0.58
0.58
0.58
0.58
0.58
0.58
0.58
0.58
0.58
0.58
0.58
0.58
0.58
0.58
0.58
0.58
0.58
0.58
0.58
0.58
0.58
0.58
0.58
0.58
0.58
0.58
0.58
0.58
0.58
0.58
0.58
0.58
0.58
0.58
0.58
0.59
0.59
0.59
0.59
0.59
0.59
0.59
0.59
0.59
0.59
0.59
0.59
0.59
0.59
0.59
0.59
0.59
0.59
0.59
0.59
0.59
0.59
0.59
0.59
0.59
0.59
0.59
0.59
0.59
0.59
0.59
0.59
0.59
0.59
0.59
0.59
0.59
0.59
0.59
0.59
0.59
0.59
0.59
0.59
0.59
0.59
0.59
0.59
0.60
0.60
0.60
0.60
0.60
0.60
0.60
0.60
0.60
0.60
0.60
0.61
0.61
0.61
0.61
0.61
0.61
0.61
0.61
0.61
0.62
0.62
0.62
0.62
0.62
0.62
0.63
0.63
0.63
0.63
0.63
0.63
0.63
0.63
0.64
0.64
0.64
0.65
0.66
0.66
0.66
0.67
0.68
0.68
0.69
0.69
0.69
0.69
0.69
0.69
0.70
0.70
0.70
0.70
0.71
0.72
0.72
0.73
0.74
0.74
0.74
0.74
0.74
0.74
0.75
0.75
0.75
0.76
0.76
0.76
0.77
0.77
0.77
0.77
0.78
0.78
0.78
0.79
0.79
0.79
0.80
0.80
0.80
0.81
0.81
0.81
0.81
0.81
0.82
0.82
0.82
0.82
0.82
0.83
0.83
0.83
0.83
0.83
0.84
0.84
0.85
0.85
0.85
0.85
0.85
0.85
0.85
0.85
0.85
0.86
0.86
0.86
0.86
0.86
0.87
0.87
0.87
0.87
0.87
0.87
0.87
0.88
0.88
0.88
0.88
0.88
0.88
0.88
0.88
0.89
0.89
0.89
0.89
0.89
0.89
0.89
0.89
0.89
0.89
0.90
0.90
0.90
0.90
0.90
0.91
0.91
0.91
0.91
0.91
0.91
0.92
0.92
0.92
0.92
0.92
0.92
0.92
0.93
0.93
0.93
0.93
0.93
0.94
0.94
0.94
0.94
0.95
0.95
0.95
0.95
0.95
0.96
0.96
0.96
0.96
0.97
0.97
0.98
0.98
0.98
0.98
0.98
0.98
0.99
0.99
0.99
1.00
1.00
1.00
1.00
1.00
1.00
1.01
1.01
1.01
1.01
1.01
1.01
1.01
1.01
1.02
1.02
1.02
1.02
1.03
1.03
1.03
1.03
1.04
1.04
1.04
1.04
1.05
1.05
1.05
1.05
1.05
1.05
1.06
1.06
1.06
1.06
1.06
1.06
1.06
1.06
1.06
1.06
1.06
1.06
1.06
1.07
1.07
1.07
1.07
1.07
1.07
1.07
1.07
1.07
1.07
1.08
1.08
1.08
1.08
1.08
1.08
1.09
1.09
1.09
1.09
1.09
1.09
1.09
1.09
1.10
1.10
1.10
1.10
1.10
1.10
1.10
1.10
1.10
1.10
1.10
1.11
1.11
1.11
1.11
1.11
1.11
1.11
1.11
1.12
1.12
1.12
1.12
1.12
1.12
1.12
1.12
1.12
1.13
1.13
1.13
1.13
1.13
1.14
1.14
1.14
1.14
1.14
1.14
1.14
1.14
1.14
1.14
1.14
1.14
1.15
1.15
1.15
1.15
1.15
1.15
1.15
1.15
1.15
1.15
1.15
1.16
1.16
1.16
1.16
1.16
1.16
1.16
1.16
1.16
1.16
1.17
1.17
1.17
1.17
1.17
1.17
1.17
1.17
1.17
1.17
1.18
1.18
1.18
1.18
1.18
1.18
1.18
1.19
1.19
1.19
1.19
1.19
1.19
1.19
1.19
1.19
1.19
1.19
1.19
1.19
1.19
1.19
1.20
1.20
1.20
1.20
1.20
1.20
1.20
1.20
1.20
1.20
1.20
1.20
1.21
1.21
1.21
1.21
1.21
1.21
1.21
1.21
1.21
1.21
1.21
1.21
1.21
1.21
1.21
1.22
1.22
1.22
1.22
1.22
1.22
1.22
1.22
1.22
1.22
1.23
1.23
1.23
1.23
1.23
1.23
1.23
1.23
1.23
1.23
1.23
1.23
1.23
1.23
1.23
1.23
1.23
1.23
1.23
1.23
1.23
1.23
1.23
1.24
1.24
1.24
1.24
1.24
1.24
1.24
1.24
1.24
1.25
1.25
1.25
1.25
1.25
1.25
1.25
1.25
1.25
1.25
1.25
1.25
1.25
1.25
1.25
1.25
1.25
1.25
1.25
1.25
1.26
1.26
1.26
1.26
1.26
1.26
1.26
1.26
1.26
1.26
1.26
1.26
1.26
1.26
1.26
1.26
1.26
1.26
1.26
1.26
1.26
1.26
1.26
1.26
1.27
1.27
1.27
1.27
1.27
1.27
1.27
1.27
1.27
1.27
1.27
1.27
1.27
1.27
1.27
1.27
1.27
1.27
1.27
1.27
1.27
1.27
1.27
1.27
1.27
1.27
1.27
1.27
1.27
1.27
1.27
1.27
1.27
1.27
1.28
1.28
1.28
1.28
1.28
1.28
1.28
1.28
1.28
1.28
1.28
1.28
1.28
1.28
1.28
1.28
1.28
1.28
1.28
1.28
1.28
1.28
1.28
1.28
1.28
1.28
1.28
1.28
1.28
1.28
1.28
1.28
1.28
1.28
1.28
1.28
1.29
1.29
1.29
1.29
1.29
1.29
1.29
1.29
1.29
1.29
1.29
1.29
1.29
1.29
1.29
1.29
1.29
1.29
1.29
1.29
1.29
1.29
1.29
1.29
1.29
1.29
1.29
1.29
1.29
1.29
1.29
1.29
1.29
1.29
1.29
1.29
1.29
1.29
1.30
1.30
1.30
1.30
1.30
1.30
1.30
1.30
1.30
1.30
1.30
1.30
1.30
1.30
1.30
1.30
1.30
1.30
1.30
1.30
1.30
1.30
1.30
1.30
1.30
1.30
1.30
1.30
1.30
1.30
1.30
1.30
1.30
1.30
1.30
1.30
1.30
1.30
1.30
1.30
1.31
1.31
1.31
1.31
1.31
1.31
1.31
1.31
1.31
1.31
1.31
1.31
1.31
1.31
1.31
1.31
1.31
1.31
1.31
1.31
1.31
1.31
1.31
1.31
1.31
1.31
1.31
1.31
1.31
1.31
1.31
1.31
1.31
1.31
1.31
1.31
1.31
1.31
1.31
1.31
1.31
1.31
1.31
1.31
1.32
1.32
1.32
1.32
1.32
1.32
1.32
1.32
1.32
1.32
1.32
1.32
1.32
1.32
1.32
1.32
1.32
1.32
1.32
1.32
1.32
1.32
1.32
1.32
1.32
1.32
1.32
1.32
1.32
1.32
1.32
1.32
1.32
1.32
1.32
1.32
1.32
1.32
1.32
1.32
1.32
1.32
1.32
1.32
1.33
1.33
1.33
1.33
1.33
1.33
1.33
1.33
1.33
1.33
1.33
1.33
1.33
1.33
1.33
1.33
1.33
1.33
1.33
1.33
1.33
1.33
1.33
1.33
1.33
1.33
1.33
1.33
1.33
1.33
1.33
1.33
1.33
1.33
1.33
1.33
1.33
1.33
1.33
1.33
1.33
1.33
1.33
1.34
1.34
1.34
1.34
1.34
1.34
1.34
1.34
1.34
1.34
1.34
1.34
1.34
1.34
1.34
1.34
1.34
1.34
1.34
1.34
1.34
1.34
1.34
1.34
1.34
1.34
1.34
1.34
1.34
1.34
1.34
1.34
1.34
1.34
1.34
1.34
1.34
1.34
1.34
1.34
1.34
1.34
1.34
1.34
1.34
1.35
1.35
1.35
1.35
1.35
1.35
1.35
1.35
1.35
1.35
1.35
1.35
1.35
1.35
1.35
1.35
1.35
1.35
1.35
1.35
1.35
1.35
1.35
1.35
1.35
1.36
1.36
1.36
1.36
1.36
1.36
1.36
1.36
1.36
1.36
1.36
1.36
1.36
1.36
1.36
1.36
1.36
1.36
1.36
1.36
1.36
1.36
1.36
1.36
1.36
1.36
1.36
1.36
1.36
1.36
1.36
1.37
1.37
1.37
1.37
1.37
1.37
1.37
1.37
1.37
1.37
1.37
1.37
1.37
1.37
1.37
1.37
1.37
1.37
1.37
1.37
1.37
1.37
1.37
1.37
1.37
1.37
1.37
1.37
1.37
1.37
1.37
1.37
1.37
1.37
1.38
1.38
1.38
1.38
1.38
1.38
1.38
1.38
1.38
1.38
1.38
1.38
1.38
1.38
1.38
1.38
1.38
1.38
1.38
1.38
1.38
1.38
1.38
1.38
1.38
1.38
1.38
1.38
1.38
1.38
1.38
1.38
1.38
1.39
1.39
1.39
1.39
1.39
1.39
1.39
1.39
1.39
1.39
1.39
1.39
1.39
1.39
1.39
1.39
1.39
1.40
1.40
1.40
1.40
1.40
1.40
1.40
1.40
1.40
1.40
1.40
1.40
1.40
1.40
1.40
1.40
1.40
1.41
1.41
1.41
1.41
1.41
1.41
1.41
1.41
1.41
1.41
1.41
1.41
1.41
1.41
1.41
1.42
1.42
1.42
1.42
1.42
1.42
1.42
1.42
1.42
1.42
1.42
1.42
1.42
1.42
1.42
1.42
1.42
1.43
1.43
1.43
1.43
1.43
1.43
1.43
1.43
1.43
1.43
1.43
1.43
1.43
1.43
1.43
1.44
1.44
1.44
1.44
1.44
1.44
1.44
1.44
1.44
1.45
1.45
1.45
1.45
1.45
1.45
1.45
1.45
1.45
1.45
1.45
1.46
1.46
1.46
1.46
1.46
1.46
1.46
1.46
1.46
1.46
1.46
1.46
1.46
1.47
1.47
1.47
1.47
1.47
1.47
1.47
1.48
1.48
1.49
1.49
1.49
1.49
1.49
1.50
1.50
1.50
1.51
1.51
1.51
1.51
1.51
1.51
1.52
1.52
1.52
1.52
1.52
1.52
1.52
1.52
1.52
1.52
1.53
1.53
1.53
1.53
1.53
1.54
1.54
1.54
1.54
1.54
1.54
1.55
1.55
1.55
1.55
1.56
1.56
1.56
1.56
1.56
1.57
1.57
1.57
1.57
1.57
1.57
1.57
1.57
1.57
1.57
1.57
1.58
1.58
1.58
1.58
1.58
1.58
1.59
1.60
1.60
1.60
1.60
1.60
1.60
1.60
1.61
1.61
1.61
1.61
1.61
1.62
1.62
1.62
1.63
1.63
1.63
1.63
1.63
1.64
1.64
1.64
1.64
1.64
1.64
1.65
1.65
1.65
1.65
1.65
1.66
1.66
1.66
1.66
1.67
1.67
1.67
1.67
1.68
1.68
1.68
1.68
1.68
1.68
1.70
1.70
1.71
1.71
1.72
1.72
1.72
1.73
1.74
1.74
1.74
1.74
1.74
1.76
1.76
1.76
1.77
1.77
1.77
1.78
1.79
1.79
1.79
1.81
1.81
1.81
1.82
1.82
1.83
1.83
1.83
1.85
1.86
1.87
1.88
1.88
1.89
1.89
1.89
1.90
1.91
1.91
1.93
1.93
1.94
1.94
1.95
1.95
1.95
1.97
1.98
1.99
1.99
2.00
2.00
2.03
2.03
2.04
2.07
2.12
2.12
2.12
2.12
2.14
2.14
2.17
2.17
2.18
2.18
2.18
2.19
2.20
2.21
2.21
2.21
2.25
2.25
2.26
2.26
2.27
2.29
2.30
2.31
2.32
2.33
2.34
2.34
2.35
2.36
2.37
2.38
2.40
2.41
2.44
2.46
2.51
2.53
2.54
2.56
2.57
2.60
2.62
2.62
2.62
2.63
2.65
2.65
2.67
2.68
2.69
2.69
2.70
2.71
2.74
2.78
2.78
2.80
2.84
2.84
2.88
2.88
2.91
2.91
2.95
2.96
2.98
3.03
3.03
3.05
3.05
3.05
3.07
3.08
3.09
3.11
3.16
3.19
3.21
3.24
3.28
3.28
3.31
3.32
3.36
3.40
3.41
3.42
3.44
3.45
3.47
3.48
3.51
3.53
3.56
3.57
3.57
3.60
3.61
3.61
3.63
3.63
3.64
3.66
3.66
3.68
3.74
3.77
3.78
3.80
3.80
3.81
3.81
3.87
3.87
3.89
3.90
3.91
3.91
3.91
3.93
4.03
4.04
4.06
4.07
4.08
4.09
4.09
4.11
4.16
4.17
4.18
4.19
4.21
4.22
4.22
4.23
4.25
4.29
4.29
4.29
4.31
4.32
4.37
4.38
4.44
4.45
4.47
4.48
4.48
4.52
4.55
4.56
4.60
4.61
4.62
4.62
4.65
4.66
4.68
4.70
4.73
4.73
4.75
4.77
4.79
4.81
4.84
4.88
4.90
4.90
4.90
4.92
4.97
5.06
5.09
5.10
5.10
5.11
5.12
5.12
5.13
5.15
5.16
5.19
5.23
5.23
5.23
5.24
5.24
5.25
5.26
5.26
5.29
5.30
5.31
5.32
5.37
5.38
5.39
5.41
5.41
5.43
5.50
5.52
5.52
5.52
5.58
5.58
5.60
5.63
5.63
5.64
5.64
5.66
5.66
5.67
5.68
5.72
5.73
5.74
5.74
5.76
5.77
5.81
5.82
5.83
5.83
5.85
5.85
5.87
5.87
5.88
5.88
5.92
5.92
5.94
5.96
5.98
5.98
5.99
5.99
5.99
6.01
6.02
6.02
6.03
6.04
6.05
6.07
6.08
6.09
6.09
6.09
6.11
6.14
6.19
6.20
6.25
6.25
6.25
6.28
6.30
6.32
6.32
6.33
6.33
6.33
6.34
6.35
6.41
6.41
6.48
6.52
6.54
6.56
6.56
6.57
6.57
6.60
6.62
6.65
6.68
6.70
6.70
6.72
6.72
6.74
6.78
6.80
6.84
6.88
6.89
6.89
6.89
6.90
6.93
6.94
6.94
6.95
6.95
6.97
6.97
7.05
7.06
7.08
7.11
7.13
7.13
7.13
7.17
7.22
7.22
7.27
7.30
7.30
7.32
7.33
7.35
7.35
7.39
7.39
7.41
7.42
7.47
7.48
7.50
7.52
7.52
7.55
7.58
7.59
7.61
7.62
7.69
7.69
7.71
7.71
7.72
7.72
7.73
7.75
7.78
7.79
7.81
7.86
7.91
7.92
7.93
7.97
7.97
7.97
7.99
7.99
8.00
8.08
8.09
8.15
8.16
8.16
8.18
8.24
8.26
8.27
8.30
8.35
8.38
8.41
8.43
8.44
8.45
8.47
8.52
8.55
8.55
8.58
8.63
8.64
8.65
8.66
8.74
8.77
8.78
8.80
8.81
8.95
8.95
8.95
9.00
9.01
9.01
9.03
9.07
9.09
9.11
9.17
9.17
9.18
9.20
9.22
9.30
9.32
9.33
9.35
9.37
9.37
9.37
9.38
9.38
9.39
9.44
9.46
9.47
9.49
9.52
9.53
9.61
9.62
9.62
9.64
9.73
9.78
9.78
9.81
9.82
9.83
9.84
9.84
9.88
9.88
9.90
9.90
9.91
9.92
9.95
9.98
10.01
10.02
10.03
10.03
10.04
10.05
10.14
10.14
10.22
10.22
10.24
10.27
10.29
10.32
10.34
10.34
10.35
10.36
10.36
10.39
10.39
10.41
10.42
10.47
10.49
10.51
10.52
10.53
10.57
10.64
10.65
10.67
10.69
10.84
10.85
10.87
10.92
10.93
10.94
10.97
11.00
11.02
11.05
11.05
11.07
11.09
11.12
11.14
11.18
11.21
11.24
11.34
11.35
11.41
11.44
11.47
11.47
11.51
11.51
11.54
11.54
11.56
11.57
11.58
11.59
11.63
11.63
11.63
11.64
11.68
11.69
11.70
11.74
11.75
11.76
11.82
11.85
11.88
11.90
11.95
11.95
11.95
11.95
11.98
11.99
12.02
12.03
12.04
12.08
12.09
12.09
12.10
12.12
12.13
12.13
12.14
12.14
12.18
12.20
12.23
12.24
12.34
12.46
12.46
12.47
12.49
12.50
12.50
12.59
12.61
12.64
12.66
12.70
12.74
12.75
12.77
12.84
12.84
12.92
12.93
12.96
13.03
13.08
13.18
13.22
13.22
13.27
13.31
13.33
13.37
13.42
13.48
13.55
13.59
13.61
13.63
13.66
13.70
13.71
13.74
13.74
13.80
13.81
13.83
13.85
13.94
13.97
14.07
14.09
14.13
14.15
14.19
14.23
14.24
14.24
14.27
14.27
14.30
14.35
14.39
14.39
14.39
14.39
14.43
14.46
14.47
14.49
14.61
14.67
14.69
14.71
14.76
14.94
14.95
14.99
15.03
15.05
15.11
15.13
15.16
15.30
15.30
15.34
15.38
15.38
15.41
15.46
15.64
15.69
15.79
15.92
15.99
16.05
16.12
16.14
16.32
16.35
16.38
16.40
16.55
16.55
16.57
16.58
16.61
16.61
16.62
16.64
16.65
16.74
16.74
16.78
16.83
16.85
16.86
16.90
17.02
17.04
17.10
17.14
17.20
17.38
17.39
17.39
17.40
17.55
17.56
17.69
17.70
17.73
17.82
17.86
17.89
17.96
17.96
18.20
18.25
18.29
18.34
18.42
18.45
18.53
18.58
18.73
18.91
19.01
19.04
19.06
19.08
19.08
19.12
19.15
19.17
19.36
19.38
19.40
19.50
19.51
19.67
19.69
19.89
19.89
19.90
19.95
19.97
20.05
20.19
20.70
20.71
20.78
20.80
20.92
21.27
21.30
21.40
21.47
21.55
21.60
21.67
21.71
21.81
21.87
21.93
21.95
22.03
22.04
22.13
22.29
22.42
22.42
22.46
22.48
22.73
22.75
23.03
23.19
23.30
23.40
23.54
23.65
23.70
23.74
23.85
23.90
23.96
24.03
24.03
24.04
24.06
24.10
24.36
24.47
24.54
24.60
24.64
24.69
24.69
24.75
25.09
25.15
25.23
25.27
25.32
25.35
25.43
25.58
25.91
26.06
26.09
26.09
26.13
26.50
26.54
26.65
26.76
26.85
26.89
26.89
27.03
27.12
27.14
27.34
27.45
27.85
27.89
27.95
28.40
28.53
28.82
28.84
28.91
29.19
29.29
29.46
29.74
29.76
30.06
30.26
30.31
30.57
30.81
31.04
31.13
31.44
31.48
31.57
31.59
31.86
31.96
32.00
32.02
32.08
32.13
32.16
32.38
32.51
32.56
32.62
32.64
32.83
32.94
33.18
33.31
33.52
33.55
33.70
33.72
34.06
34.44
34.45
34.57
34.77
34.87
34.87
35.25
35.59
35.64
35.69
35.75
35.90
35.95
36.10
36.20
36.38
36.51
36.63
36.65
36.76
36.84
36.95
37.46
37.67
37.82
37.87
38.00
38.28
38.42
38.43
38.54
38.61
38.74
38.82
38.96
39.06
39.19
39.26
39.33
39.34
39.77
40.26
40.56
40.65
40.78
40.79
40.94
40.99
40.99
41.30
41.42
41.44
41.58
41.59
41.73
41.91
42.16
42.20
42.20
42.29
42.60
42.79
42.83
42.84
42.87
42.87
43.04
43.06
43.08
43.18
43.21
43.21
43.36
43.69
43.86
43.87
43.93
43.97
43.98
44.08
44.25
44.35
44.40
44.47
44.50
44.55
44.59
44.65
44.74
44.75
44.75
44.76
44.81
44.84
44.89
44.95
45.03
45.10
45.14
45.15
45.22
45.49
45.50
45.54
45.56
45.62
45.90
45.96
45.98
46.25
46.31
46.31
46.43
46.51
46.52
46.52
46.58
46.61
46.81
46.89
46.99
47.00
47.10
47.12
47.20
47.37
47.44
47.50
47.61
47.66
47.66
47.78
47.80
47.88
47.96
48.53
48.61
48.67
48.79
48.98
48.99
49.00
49.02
49.28
49.28
49.32
49.36
49.47
49.50
49.67
49.98
50.04
50.06
50.34
50.37
50.52
50.53
50.61
50.68
50.71
50.89
50.90
51.01
51.11
51.14
51.22
51.29
51.35
51.37
52.21
52.29
52.54
52.55
52.71
52.98
53.13
54.01
54.25
54.32
54.34
54.95
55.39
55.51
55.74
55.76
55.99
56.10
56.82
56.98
57.70
58.08
58.12
58.19
58.36
58.41
58.43
58.88
59.03
59.10
59.14
59.18
59.45
59.51
60.38
60.74
60.79
60.86
60.92
61.13
61.30
61.42
61.65
61.81
62.01
62.32
62.33
63.02
63.38
63.59
63.84
63.89
64.06
64.13
64.44
64.47
64.47
64.85
64.89
64.95
65.54
65.79
65.79
65.80
65.83
65.94
66.23
66.25
66.55
66.69
67.09
67.38
67.50
67.62
67.63
67.79
68.05
68.21
68.28
68.88
69.79
69.87
70.39
70.53
70.94
71.06
71.54
71.61
72.18
72.21
72.65
72.96
73.13
73.19
73.27
73.50
73.80
73.98
74.86
75.34
75.80
75.92
76.15
76.18
76.22
76.37
76.61
76.72
77.10
77.21
77.62
78.21
78.38
79.01
79.10
79.34
79.36
79.68
80.52
81.00
81.14
81.74
82.02
82.10
82.60
82.60
82.85
83.17
83.20
83.68
84.03
84.13
84.34
84.37
84.60
84.97
85.82
86.35
86.53
87.70
88.08
88.51
88.51
88.52
88.62
88.77
89.39
90.74
90.80
91.09
91.18
91.21
91.36
92.05
92.19
92.51
92.64
92.75
93.37
93.51
93.81
93.90
94.79
95.12
95.45
96.38
96.47
97.32
99.72
100.21
100.69
101.51
102.06
102.79
103.14
103.44
103.73
104.27
104.31
104.61
105.03
105.11
105.21
105.37
107.40
108.69
108.70
109.12
109.40
109.45
109.81
110.29
110.95
111.16
112.94
113.47
113.48
114.41
115.30
116.52
117.81
118.30
119.75
119.76
119.99
121.17
121.79
122.19
126.80
129.25
129.36
129.44
130.88
131.83
131.92
133.24
133.52
134.38
134.48
134.89
135.36
135.57
135.62
136.00
136.92
137.68
137.86
137.90
137.96
138.04
139.02
140.01
143.47
143.89
143.99
144.03
144.13
144.15
144.25
144.63
144.63
144.96
145.45
145.64
145.67
145.70
146.20
146.39
146.43
146.91
146.96
147.19
147.42
147.74
148.04
148.33
150.60
150.62
150.83
152.66
152.67
152.72
152.82
152.87
154.23
154.31
155.11
155.19
155.47
155.61
156.77
158.11
162.82
164.69
167.70
168.25
169.60
170.25
170.43
170.76
172.75
175.93
177.31
178.37
178.44
179.33
181.11
181.42
182.07
182.16
182.37
183.06
184.24
186.17
187.17
188.10
188.57
188.78
193.44
194.00
194.89
195.04
195.24
197.52
197.95
198.90
199.92
201.84
202.95
203.94
204.19
205.04
205.42
209.91
210.29
210.75
212.82
214.90
215.48
219.10
220.29
221.69
221.90
222.33
224.97
225.06
230.84
232.44
234.26
234.97
234.99
236.35
237.44
237.76
238.39
238.41
240.15
241.12
242.65
244.58
245.14
247.03
247.26
248.64
249.08
249.56
249.89
249.98
250.26
251.14
251.49
251.91
254.04
254.40
258.32
260.58
262.38
263.42
264.55
264.82
266.49
270.01
271.52
272.53
274.28
276.73
282.60
