0.00
0.00
0.00
0.00
0.00
0.00
0.00
0.00
0.00
0.00
0.00
0.00
0.00
0.00
0.00
0.00
0.00
0.00
0.00
0.00
0.00
0.00
0.00
0.00
21.23
21.27
21.37
21.38
21.43
21.46
21.49
21.49
21.50
21.53
21.53
21.53
21.54
21.57
21.58
21.59
21.59
21.61
21.61
21.65
21.68
21.69
21.69
21.71
21.74
21.76
21.76
21.77
21.81
21.81
21.81
21.82
21.82
21.83
21.85
21.85
21.85
21.85
21.86
21.87
21.89
21.90
21.93
21.95
21.98
22.00
22.01
22.02
22.02
22.02
22.04
22.04
22.04
22.05
22.06
22.06
22.06
22.08
22.08
22.08
22.09
22.11
22.12
22.12
22.12
22.13
22.15
22.16
22.16
22.17
22.17
22.18
22.19
22.19
22.20
22.20
22.21
22.21
22.22
22.22
22.23
22.23
22.23
22.23
22.24
22.25
22.25
22.26
22.26
22.26
22.27
22.30
22.30
22.30
22.31
22.31
22.32
22.32
22.32
22.35
22.35
22.35
22.37
22.37
22.37
22.38
22.38
22.38
22.39
22.39
22.40
22.41
22.42
22.43
22.44
22.44
22.45
22.45
22.46
22.46
22.47
22.47
22.47
22.48
22.48
22.49
22.49
22.49
22.49
22.49
22.51
22.51
22.51
22.52
22.53
22.53
22.53
22.53
22.53
22.54
22.54
22.55
22.56
22.56
22.56
22.56
22.56
22.57
22.57
22.57
22.58
22.58
22.58
22.58
22.58
22.59
22.59
22.59
22.60
22.60
22.60
22.61
22.61
22.62
22.62
22.62
22.64
22.64
22.64
22.65
22.67
22.67
22.67
22.67
22.68
22.68
22.69
22.70
22.70
22.70
22.70
22.70
22.71
22.71
22.71
22.71
22.72
22.72
22.73
22.73
22.74
22.74
22.74
22.74
22.74
22.75
22.76
22.76
22.76
22.76
22.76
22.76
22.78
22.79
22.79
22.79
22.79
22.80
22.80
22.81
22.81
22.82
22.83
22.83
22.84
22.84
22.84
22.85
22.85
22.85
22.85
22.86
22.86
22.87
22.87
22.88
22.88
22.89
22.89
22.89
22.89
22.90
22.90
22.91
22.91
22.92
22.92
22.93
22.93
22.93
22.94
22.95
22.98
22.99
22.99
23.00
23.00
23.00
23.00
23.01
23.01
23.02
23.03
23.03
23.03
23.03
23.03
23.03
23.04
23.04
23.05
23.05
23.05
23.06
23.06
23.06
23.06
23.07
23.07
23.07
23.07
23.07
23.08
23.08
23.08
23.08
23.08
23.09
23.10
23.10
23.10
23.11
23.11
23.12
23.12
23.12
23.13
23.13
23.14
23.14
23.14
23.14
23.15
23.15
23.16
23.16
23.17
23.17
23.18
23.18
23.18
23.19
23.19
23.19
23.20
23.20
23.21
23.21
23.21
23.21
23.22
23.22
23.23
23.23
23.24
23.25
23.25
23.26
23.26
23.27
23.27
23.27
23.28
23.28
23.28
23.30
23.30
23.30
23.32
23.33
23.34
23.34
23.34
23.35
23.35
23.35
23.35
23.35
23.36
23.36
23.36
23.36
23.36
23.36
23.37
23.37
23.37
23.39
23.40
23.40
23.42
23.43
23.44
23.45
23.45
23.47
23.47
23.47
23.47
23.47
23.48
23.48
23.48
23.48
23.49
23.49
23.49
23.49
23.50
23.50
23.50
23.50
23.50
23.51
23.52
23.52
23.52
23.52
23.52
23.55
23.55
23.55
23.57
23.57
23.59
23.60
23.60
23.60
23.60
23.61
23.61
23.61
23.62
23.62
23.63
23.64
23.64
23.65
23.66
23.66
23.67
23.67
23.68
23.68
23.68
23.69
23.70
23.71
23.71
23.71
23.71
23.71
23.72
23.72
23.72
23.72
23.73
23.73
23.73
23.73
23.73
23.74
23.74
23.74
23.76
23.76
23.76
23.76
23.77
23.78
23.78
23.78
23.79
23.80
23.80
23.81
23.81
23.82
23.82
23.84
23.84
23.84
23.84
23.84
23.85
23.85
23.86
23.87
23.87
23.87
23.87
23.88
23.88
23.88
23.88
23.89
23.89
23.89
23.89
23.90
23.90
23.92
23.92
23.93
23.94
23.95
23.97
23.99
24.01
24.01
24.01
24.02
24.02
24.02
24.03
24.03
24.04
24.04
24.05
24.05
24.07
24.07
24.07
24.07
24.08
24.08
24.09
24.11
24.15
24.16
24.16
24.17
24.17
24.18
24.19
24.19
24.20
24.20
24.20
24.20
24.22
24.25
24.25
24.26
24.26
24.27
24.28
24.29
24.29
24.30
24.30
24.31
24.32
24.32
24.32
24.33
24.34
24.34
24.34
24.36
24.37
24.38
24.38
24.38
24.39
24.40
24.40
24.40
24.42
24.43
24.43
24.43
24.43
24.44
24.45
24.45
24.46
24.46
24.48
24.49
24.49
24.53
24.55
24.56
24.56
24.57
24.57
24.59
24.60
24.61
24.63
24.66
24.67
24.68
24.68
24.68
24.69
24.70
24.73
24.77
24.78
24.83
24.86
24.87
24.87
24.90
24.90
24.90
24.91
24.93
24.98
25.04
25.12
25.13
25.16
25.20
25.22
25.25
25.26
25.27
25.33
25.35
25.35
25.36
25.41
25.50
25.53
25.59
25.61
25.67
25.70
25.73
25.75
25.76
25.81
25.82
26.09
26.11
26.34
26.38
26.38
26.79
27.22
27.28
27.30
27.33
27.54
27.62
27.72
27.73
27.88
28.20
28.24
28.38
28.41
28.45
28.86
28.96
29.37
29.37
29.57
29.62
29.62
29.68
29.69
30.17
30.40
30.41
30.68
30.70
30.73
30.91
31.18
31.86
31.92
32.05
32.12
32.22
32.72
33.25
33.27
33.30
33.42
34.04
34.75
34.94
34.98
35.14
35.47
36.26
36.56
36.61
36.63
36.68
36.80
36.80
36.83
36.86
36.86
36.94
36.96
36.96
37.04
37.07
37.09
37.09
37.09
37.10
37.13
37.14
37.15
37.16
37.16
37.17
37.17
37.18
37.18
37.21
37.24
37.28
37.29
37.30
37.31
37.33
37.34
37.35
37.36
37.36
37.37
37.37
37.38
37.39
37.39
37.39
37.40
37.40
37.40
37.45
37.46
37.47
37.50
37.52
37.52
37.52
37.52
37.55
37.56
37.56
37.57
37.57
37.57
37.58
37.58
37.59
37.59
37.62
37.63
37.64
37.64
37.64
37.65
37.65
37.67
37.68
37.69
37.69
37.70
37.70
37.70
37.71
37.73
37.74
37.74
37.75
37.76
37.76
37.76
37.78
37.78
37.79
37.80
37.80
37.81
37.81
37.81
37.81
37.82
37.82
37.85
37.86
37.86
37.87
37.88
37.88
37.89
37.89
37.89
37.90
37.90
37.91
37.93
37.93
37.94
37.94
37.95
37.96
37.96
37.97
37.97
37.98
37.98
37.99
37.99
38.00
38.00
38.00
38.01
38.01
38.04
38.05
38.05
38.06
38.07
38.08
38.08
38.08
38.08
38.09
38.09
38.09
38.11
38.12
38.12
38.12
38.13
38.13
38.13
38.14
38.14
38.15
38.15
38.16
38.17
38.17
38.18
38.19
38.20
38.20
38.21
38.22
38.22
38.22
38.23
38.23
38.23
38.23
38.25
38.26
38.26
38.27
38.28
38.29
38.30
38.31
38.32
38.33
38.33
38.34
38.35
38.38
38.40
38.40
38.40
38.40
38.41
38.41
38.41
38.41
38.41
38.42
38.42
38.42
38.44
38.44
38.44
38.45
38.45
38.46
38.46
38.47
38.47
38.48
38.48
38.48
38.51
38.51
38.52
38.52
38.53
38.55
38.57
38.57
38.57
38.57
38.58
38.58
38.58
38.60
38.60
38.61
38.62
38.62
38.63
38.63
38.63
38.64
38.64
38.64
38.66
38.68
38.68
38.70
38.70
38.70
38.71
38.71
38.72
38.72
38.72
38.73
38.73
38.74
38.77
38.79
38.80
38.81
38.81
38.83
38.84
38.85
38.86
38.87
38.90
38.90
38.92
38.93
38.93
38.94
38.94
38.94
38.95
38.96
38.97
38.98
38.98
38.99
39.00
39.01
39.02
39.03
39.04
39.06
39.08
39.09
39.09
39.11
39.12
39.12
39.13
39.13
39.15
39.15
39.16
39.20
39.21
39.22
39.23
39.23
39.25
39.25
39.25
39.27
39.27
39.27
39.28
39.28
39.30
39.31
39.32
39.34
39.35
39.35
39.36
39.36
39.37
39.37
39.40
39.42
39.43
39.43
39.44
39.45
39.45
39.46
39.47
39.49
39.53
39.54
39.56
39.57
39.58
39.59
39.59
39.60
39.63
39.65
39.67
39.72
39.73
39.73
39.74
39.77
39.78
39.79
39.82
39.82
39.83
39.86
39.90
39.92
39.93
39.97
39.98
39.98
40.03
40.04
40.07
40.09
40.11
40.12
40.15
40.15
40.19
40.20
40.22
40.23
40.28
40.30
40.30
40.31
40.33
40.34
40.36
40.37
40.38
40.42
40.46
40.48
40.49
40.49
40.50
40.51
40.56
40.57
40.62
40.68
40.71
40.72
40.74
40.75
40.77
40.78
40.80
40.82
40.82
40.86
40.88
40.91
41.02
41.07
41.09
41.14
41.25
41.26
41.34
41.36
41.36
41.38
41.43
41.48
41.52
41.55
41.62
41.64
41.78
41.87
41.95
41.96
42.17
42.19
42.19
42.21
42.21
42.37
42.41
42.47
42.75
42.80
42.83
43.15
43.25
43.49
43.58
43.64
43.96
44.00
44.11
44.33
44.41
44.54
44.68
44.73
44.74
44.76
44.90
45.08
45.16
45.19
45.28
45.37
45.44
45.51
45.53
45.61
45.63
46.05
46.16
46.30
46.34
46.39
46.43
46.51
46.66
46.84
46.90
47.03
47.24
47.60
47.65
47.67
47.79
47.80
47.84
47.93
48.00
49.39
49.68
49.68
50.38
50.52
50.75
51.00
51.06
51.08
51.46
51.56
51.68
52.11
52.32
52.61
52.74
53.24
53.34
53.61
53.85
53.90
53.92
54.49
54.58
54.79
55.96
56.51
57.00
57.98
58.40
60.58
60.65
60.81
61.17
61.21
61.31
61.39
62.20
62.43
62.70
63.09
63.28
64.01
64.09
64.33
64.39
64.69
65.20
65.63
65.95
66.15
66.36
66.42
66.46
66.56
66.56
66.77
66.88
66.90
66.92
67.00
67.00
67.07
67.36
67.40
67.41
67.45
67.66
67.69
67.79
67.79
67.88
67.92
67.94
68.04
68.17
68.24
68.27
68.28
68.34
68.38
68.50
68.55
68.55
68.60
68.66
68.72
68.81
68.83
68.84
68.85
68.88
68.90
69.01
69.04
69.21
69.29
69.38
69.40
69.46
69.52
69.55
69.56
69.56
69.60
69.66
69.77
69.81
70.01
70.04
70.07
70.12
70.13
70.29
70.36
70.59
70.70
70.76
70.84
70.89
71.03
71.35
71.40
71.51
71.59
71.61
71.66
71.70
71.89
72.03
72.04
72.46
72.50
72.89
72.89
72.91
72.94
73.76
73.95
74.08
74.09
74.18
74.21
74.37
74.54
74.73
74.74
74.86
74.93
74.96
74.96
75.15
75.15
75.22
75.25
75.34
75.65
75.80
75.95
76.06
76.54
76.65
76.67
76.94
77.06
77.15
77.45
77.68
77.87
77.95
78.03
78.10
78.24
78.27
78.41
78.50
78.50
79.38
79.48
79.57
79.61
79.96
80.86
80.89
81.32
81.34
81.48
81.54
81.71
81.79
81.90
81.90
81.99
82.00
82.03
82.04
82.04
82.07
82.12
82.16
82.17
82.18
82.18
82.19
82.22
82.22
82.28
82.33
82.34
82.35
82.35
82.36
82.36
82.37
82.40
82.40
82.40
82.41
82.41
82.43
82.47
82.48
82.49
82.50
82.51
82.53
82.54
82.56
82.56
82.57
82.58
82.58
82.58
82.59
82.60
82.62
82.64
82.67
82.67
82.68
82.69
82.70
82.71
82.72
82.73
82.75
82.76
82.77
82.77
82.79
82.80
82.82
82.82
82.83
82.84
82.85
82.85
82.85
82.86
82.87
82.88
82.88
82.89
82.89
82.89
82.90
82.90
82.94
82.94
82.95
82.95
82.95
82.95
82.96
82.98
82.99
83.01
83.01
83.01
83.03
83.04
83.05
83.06
83.06
83.07
83.09
83.09
83.11
83.12
83.14
83.15
83.17
83.17
83.18
83.20
83.20
83.20
83.21
83.21
83.21
83.22
83.23
83.23
83.23
83.24
83.24
83.25
83.25
83.26
83.28
83.29
83.31
83.33
83.34
83.35
83.36
83.37
83.38
83.40
83.41
83.41
83.45
83.46
83.46
83.47
83.49
83.50
83.53
83.53
83.54
83.54
83.55
83.55
83.59
83.60
83.60
83.60
83.60
83.61
83.61
83.61
83.63
83.63
83.63
83.64
83.64
83.65
83.65
83.67
83.67
83.67
83.68
83.69
83.71
83.72
83.72
83.73
83.73
83.73
83.73
83.75
83.75
83.76
83.76
83.76
83.77
83.80
83.81
83.81
83.81
83.82
83.82
83.82
83.83
83.84
83.86
83.86
83.87
83.88
83.91
83.91
83.92
83.94
83.95
83.95
83.95
83.96
83.98
83.98
83.99
83.99
84.00
84.01
84.02
84.04
84.05
84.06
84.07
84.08
84.08
84.09
84.11
84.12
84.12
84.12
84.13
84.14
84.14
84.14
84.15
84.16
84.16
84.17
84.18
84.18
84.18
84.19
84.20
84.21
84.22
84.24
84.24
84.25
84.26
84.27
84.27
84.28
84.28
84.28
84.29
84.29
84.31
84.31
84.32
84.33
84.33
84.34
84.35
84.37
84.38
84.38
84.40
84.42
84.45
84.46
84.47
84.48
84.52
84.52
84.52
84.54
84.57
84.58
84.58
84.60
84.61
84.62
84.63
84.64
84.66
84.66
84.68
84.69
84.70
84.72
84.74
84.75
84.75
84.75
84.76
84.78
84.81
84.85
84.86
84.90
84.92
84.93
84.94
84.98
84.99
85.00
85.01
85.05
85.13
85.18
85.26
85.29
85.37
85.37
85.44
85.49
85.50
85.51
85.52
85.53
85.59
85.61
85.63
85.64
85.70
85.73
85.73
85.76
85.82
85.86
85.88
85.94
85.94
85.95
85.95
85.97
85.98
86.06
86.07
86.08
86.08
86.11
86.19
86.19
86.23
86.23
86.24
86.25
86.28
86.29
86.29
86.31
86.33
86.35
86.38
86.40
86.45
86.45
86.48
86.48
86.53
86.60
86.61
86.65
86.66
86.69
86.75
86.78
86.78
86.79
86.81
86.86
86.86
86.88
86.88
86.95
86.96
87.00
87.01
87.02
87.06
87.07
87.08
87.08
87.08
87.10
87.10
87.11
87.12
87.15
87.17
87.24
87.24
87.24
87.28
87.28
87.28
87.32
87.35
87.36
87.43
87.52
87.54
87.66
87.69
87.73
87.73
87.92
87.94
87.94
87.99
88.09
88.10
88.10
88.11
88.11
88.14
88.18
88.26
88.28
88.37
88.51
88.65
88.87
88.96
89.00
89.02
89.10
89.13
89.20
89.29
89.41
89.43
89.45
89.46
89.52
89.55
89.55
89.78
89.84
89.92
89.94
90.08
90.09
90.10
90.10
90.17
90.21
90.21
90.23
90.23
90.23
90.26
90.32
90.33
90.34
90.36
90.40
90.44
90.46
90.49
90.58
90.59
90.59
90.67
90.71
90.73
90.75
90.77
90.78
90.83
90.83
90.86
90.94
90.95
91.02
91.03
91.03
91.04
91.11
91.12
91.19
91.25
91.27
91.29
91.31
91.38
91.38
91.49
91.52
91.60
91.63
91.67
91.72
91.72
91.80
91.88
92.02
92.02
92.15
92.21
92.25
92.26
92.31
92.36
92.49
92.50
92.51
92.55
92.64
92.65
92.65
92.70
92.73
92.77
92.79
92.82
92.83
92.84
92.89
92.90
92.90
92.94
92.96
93.11
93.15
93.16
93.31
93.39
93.40
93.41
93.51
93.56
93.57
93.62
93.63
93.67
93.67
93.69
93.69
93.71
93.73
93.73
93.81
93.83
93.95
93.98
94.04
94.06
94.12
94.20
94.25
94.39
94.50
94.51
94.62
94.63
94.65
94.75
94.78
94.82
94.83
94.92
94.94
95.12
95.21
95.27
95.59
95.97
95.99
96.05
96.11
96.54
96.56
96.57
96.63
96.65
96.66
96.71
96.73
96.76
96.79
96.81
96.81
96.81
96.84
96.84
96.86
96.89
96.89
96.91
96.96
96.96
96.97
96.98
96.99
97.01
97.02
97.03
97.03
97.06
97.06
97.08
97.08
97.09
97.12
97.13
97.13
97.15
97.16
97.17
97.20
97.20
97.20
97.22
97.23
97.23
97.23
97.24
97.24
97.25
97.26
97.26
97.28
97.30
97.30
97.30
97.31
97.32
97.33
97.33
97.33
97.35
97.35
97.35
97.36
97.36
97.37
97.37
97.38
97.38
97.39
97.39
97.40
97.40
97.41
97.42
97.43
97.44
97.44
97.44
97.45
97.47
97.48
97.48
97.49
97.49
97.50
97.50
97.50
97.51
97.52
97.52
97.52
97.53
97.53
97.53
97.54
97.54
97.54
97.54
97.55
97.55
97.55
97.55
97.56
97.57
97.58
97.58
97.59
97.59
97.59
97.60
97.61
97.61
97.62
97.62
97.64
97.64
97.64
97.64
97.64
97.65
97.65
97.65
97.65
97.66
97.66
97.66
97.66
97.67
97.68
97.68
97.69
97.69
97.70
97.70
97.71
97.72
97.72
97.72
97.73
97.73
97.73
97.73
97.74
97.74
97.74
97.76
97.77
97.77
97.78
97.78
97.78
97.80
97.80
97.81
97.82
97.82
97.82
97.83
97.83
97.83
97.83
97.83
97.85
97.86
97.86
97.86
97.87
97.87
97.87
97.89
97.89
97.89
97.90
97.91
97.91
97.92
97.92
97.92
97.92
97.93
97.93
97.94
97.95
97.95
97.95
97.95
97.95
97.96
97.96
97.96
97.96
97.96
97.96
97.96
97.96
97.98
97.98
97.99
97.99
97.99
98.01
98.01
98.01
98.01
98.01
98.02
98.02
98.03
98.03
98.03
98.04
98.04
98.04
98.04
98.04
98.04
98.04
98.04
98.05
98.05
98.05
98.06
98.07
98.07
98.09
98.09
98.09
98.09
98.10
98.10
98.10
98.10
98.10
98.11
98.11
98.11
98.11
98.11
98.12
98.13
98.13
98.13
98.13
98.14
98.14
98.15
98.15
98.15
98.15
98.15
98.15
98.16
98.16
98.16
98.17
98.17
98.17
98.17
98.18
98.19
98.20
98.20
98.21
98.21
98.22
98.22
98.22
98.22
98.23
98.23
98.23
98.23
98.23
98.24
98.24
98.25
98.25
98.25
98.25
98.25
98.25
98.25
98.25
98.25
98.26
98.26
98.27
98.27
98.27
98.27
98.28
98.28
98.28
98.28
98.29
98.29
98.30
98.30
98.30
98.31
98.31
98.32
98.32
98.33
98.33
98.33
98.33
98.33
98.34
98.34
98.34
98.34
98.34
98.34
98.35
98.35
98.35
98.36
98.36
98.36
98.36
98.37
98.37
98.37
98.37
98.38
98.38
98.38
98.39
98.40
98.40
98.41
98.42
98.43
98.43
98.43
98.43
98.45
98.45
98.45
98.45
98.46
98.47
98.47
98.48
98.48
98.48
98.49
98.50
98.50
98.50
98.51
98.51
98.51
98.51
98.51
98.51
98.51
98.51
98.51
98.51
98.52
98.52
98.53
98.53
98.53
98.54
98.55
98.55
98.56
98.56
98.56
98.56
98.57
98.57
98.58
98.58
98.58
98.59
98.59
98.60
98.60
98.61
98.61
98.62
98.62
98.62
98.62
98.64
98.64
98.64
98.64
98.65
98.65
98.66
98.66
98.66
98.67
98.67
98.68
98.68
98.69
98.70
98.70
98.70
98.71
98.71
98.71
98.72
98.72
98.72
98.73
98.73
98.73
98.74
98.75
98.75
98.75
98.75
98.75
98.76
98.76
98.76
98.76
98.77
98.77
98.77
98.77
98.77
98.78
98.79
98.80
98.80
98.80
98.80
98.82
98.83
98.83
98.84
98.84
98.84
98.85
98.85
98.85
98.86
98.86
98.86
98.86
98.87
98.87
98.87
98.88
98.88
98.88
98.89
98.89
98.89
98.89
98.90
98.90
98.90
98.90
98.91
98.91
98.92
98.92
98.92
98.93
98.93
98.94
98.94
98.95
98.96
98.96
98.96
98.96
98.96
98.97
98.97
98.98
98.98
98.99
98.99
98.99
99.00
99.00
99.00
99.00
99.00
99.00
99.01
99.01
99.01
99.01
99.02
99.02
99.03
99.03
99.03
99.03
99.04
99.04
99.04
99.05
99.05
99.06
99.06
99.07
99.08
99.08
99.08
99.08
99.08
99.08
99.08
99.08
99.09
99.10
99.11
99.12
99.13
99.13
99.15
99.15
99.16
99.16
99.16
99.16
99.16
99.17
99.17
99.17
99.17
99.18
99.18
99.19
99.20
99.20
99.20
99.21
99.22
99.23
99.23
99.23
99.24
99.24
99.24
99.24
99.25
99.26
99.26
99.27
99.27
99.28
99.28
99.30
99.31
99.31
99.32
99.32
99.33
99.34
99.35
99.35
99.35
99.37
99.37
99.38
99.38
99.39
99.39
99.39
99.40
99.40
99.40
99.42
99.43
99.43
99.43
99.44
99.45
99.47
99.47
99.47
99.48
99.48
99.49
99.49
99.49
99.50
99.51
99.52
99.53
99.53
99.53
99.53
99.54
99.54
99.54
99.55
99.55
99.56
99.56
99.57
99.57
99.58
99.59
99.59
99.60
99.60
99.60
99.60
99.62
99.63
99.63
99.64
99.65
99.66
99.67
99.67
99.67
99.67
99.68
99.68
99.69
99.71
99.72
99.72
99.73
99.74
99.76
99.79
99.80
99.82
99.82
99.83
99.83
99.84
99.85
99.86
99.86
99.88
99.88
99.89
99.89
99.91
99.92
99.93
99.94
99.95
99.97
99.98
99.99
99.99
100.00
100.01
100.05
100.06
100.06
100.06
100.07
100.08
100.10
100.10
100.10
100.10
100.11
100.11
100.12
100.13
100.15
100.15
100.16
100.16
100.17
100.17
100.18
100.19
100.19
100.22
100.22
100.26
100.28
100.29
100.31
100.32
100.32
100.36
100.37
100.38
100.40
100.42
100.42
100.43
100.43
100.44
100.44
100.46
100.48
100.48
100.49
100.49
100.51
100.52
100.52
100.54
100.54
100.57
100.60
100.62
100.62
100.63
100.64
100.64
100.69
100.70
100.70
100.75
100.75
100.76
100.76
100.77
100.77
100.78
100.81
100.82
100.83
100.84
100.85
100.88
100.88
100.96
100.96
100.97
101.01
101.01
101.02
101.03
101.04
101.07
101.10
101.11
101.14
101.15
101.15
101.18
101.20
101.20
101.22
101.23
101.25
101.25
101.28
101.32
101.34
101.34
101.34
101.34
101.39
101.42
101.44
101.45
101.46
101.46
101.48
101.48
101.52
101.54
101.54
101.55
101.56
101.57
101.57
101.57
101.58
101.60
101.60
101.62
101.67
101.73
101.74
101.75
101.81
101.82
101.83
101.84
101.86
101.91
101.93
101.94
101.98
101.98
101.99
102.03
102.03
102.04
102.07
102.08
102.09
102.10
102.11
102.14
102.14
102.18
102.21
102.21
102.23
102.27
102.27
102.32
102.32
102.34
102.34
102.34
102.36
102.36
102.40
102.41
102.44
102.44
102.45
102.45
102.47
102.51
102.54
102.56
102.63
102.67
102.69
102.73
102.75
102.77
102.79
102.84
102.84
102.84
102.85
102.85
102.86
102.86
102.91
102.93
102.94
102.95
103.00
103.10
103.11
103.12
103.17
103.21
103.24
103.27
103.28
103.30
103.32
103.35
103.38
103.40
103.41
103.42
103.43
103.50
103.51
103.54
103.55
103.57
103.58
103.63
103.70
103.76
103.78
103.82
103.84
103.87
103.87
103.89
103.91
103.91
103.95
104.00
104.01
104.02
104.02
104.03
104.08
104.09
104.11
104.24
104.26
104.28
104.29
104.31
104.31
104.37
104.39
104.39
104.40
104.40
104.43
104.43
104.45
104.47
104.49
104.51
104.51
104.54
104.54
104.55
104.60
104.62
104.62
104.65
104.66
104.67
104.67
104.67
104.69
104.70
104.70
104.70
104.72
104.72
104.74
104.76
104.77
104.77
104.78
104.78
104.79
104.80
104.84
104.84
104.85
104.86
104.87
104.87
104.88
104.89
104.89
104.92
104.93
104.93
104.93
104.94
104.94
104.95
104.96
104.96
104.98
104.99
104.99
105.00
105.01
105.01
105.02
105.02
105.03
105.06
105.06
105.07
105.09
105.09
105.10
105.11
105.12
105.15
105.16
105.16
105.17
105.18
105.19
105.20
105.20
105.21
105.22
105.22
105.25
105.25
105.26
105.27
105.28
105.28
105.29
105.30
105.31
105.31
105.33
105.34
105.34
105.34
105.37
105.41
105.42
105.43
105.43
105.44
105.45
105.46
105.47
105.51
105.52
105.52
105.52
105.54
105.55
105.56
105.56
105.56
105.56
105.57
105.57
105.59
105.61
105.61
105.62
105.62
105.63
105.63
105.68
105.68
105.68
105.69
105.69
105.69
105.70
105.70
105.71
105.71
105.71
105.74
105.74
105.74
105.76
105.78
105.78
105.79
105.79
105.80
105.81
105.82
105.84
105.84
105.84
105.84
105.85
105.85
105.86
105.89
105.89
105.91
105.93
105.94
105.95
105.96
105.97
105.97
105.98
105.99
106.00
106.00
106.01
106.01
106.02
106.03
106.04
106.04
106.04
106.04
106.06
106.07
106.07
106.10
106.12
106.13
106.15
106.15
106.16
106.16
106.16
106.18
106.18
106.18
106.18
106.19
106.20
106.20
106.24
106.25
106.26
106.26
106.27
106.30
106.31
106.31
106.32
106.33
106.34
106.36
106.36
106.38
106.38
106.38
106.39
106.40
106.40
106.43
106.44
106.45
106.47
106.47
106.47
106.48
106.49
106.52
106.53
106.56
106.56
106.56
106.56
106.57
106.57
106.59
106.59
106.60
106.60
106.61
106.64
106.65
106.67
106.68
106.74
106.76
106.77
106.79
106.81
106.82
106.83
106.84
106.84
106.85
106.86
106.87
106.87
106.89
106.89
106.89
106.90
106.91
106.91
106.92
106.97
106.97
106.99
107.01
107.06
107.07
107.07
107.11
107.14
107.15
107.16
107.18
107.19
107.19
107.19
107.21
107.26
107.28
107.29
107.29
107.33
107.37
107.38
107.38
107.40
107.45
107.51
107.52
107.53
107.61
107.68
107.71
107.73
107.74
107.82
107.85
107.87
107.88
107.88
107.90
107.91
107.95
107.95
107.99
108.05
108.07
108.22
108.23
108.23
108.26
108.30
108.41
108.46
108.49
108.49
108.51
108.55
108.64
108.73
108.74
108.75
108.81
108.88
108.91
108.96
108.97
108.98
108.98
109.03
109.03
109.15
109.16
109.17
109.29
109.29
109.30
109.33
109.37
109.40
109.41
109.45
109.47
109.49
109.52
109.52
109.55
109.56
109.57
109.60
109.68
109.76
109.82
109.96
109.98
110.29
110.31
110.32
110.34
110.36
110.43
110.52
110.62
110.62
110.66
110.67
110.71
110.82
110.82
110.93
111.02
111.09
111.10
111.17
111.28
111.43
111.45
111.51
111.57
111.63
112.10
112.11
112.23
112.26
112.42
112.43
112.44
112.53
112.54
112.58
112.63
112.64
112.70
112.70
112.80
112.81
112.82
113.02
113.03
113.05
113.15
113.24
113.27
113.30
113.37
113.39
113.43
113.53
113.55
113.57
113.73
113.99
114.07
114.18
114.27
114.35
114.37
114.71
114.74
115.30
115.47
115.53
115.67
115.73
115.87
115.94
116.20
116.64
116.84
117.49
118.20
118.89
119.05
119.10
119.20
119.78
119.92
119.99
120.15
120.23
120.46
121.70
122.84
123.19
124.28
125.08
125.45
125.46
125.79
125.82
125.89
125.91
125.98
126.04
126.22
126.29
126.34
126.36
126.38
126.41
126.43
126.45
126.57
126.66
126.69
126.74
126.74
126.75
126.76
126.77
126.78
126.80
126.80
126.84
126.87
126.92
126.93
126.93
126.96
126.99
127.00
127.03
127.03
127.07
127.18
127.19
127.20
127.21
127.25
127.25
127.26
127.27
127.28
127.29
127.30
127.37
127.51
127.55
127.60
127.63
127.64
127.65
127.67
127.74
127.75
127.78
127.79
127.94
127.96
127.97
127.98
127.99
127.99
128.06
128.09
128.14
128.23
128.27
128.27
128.29
128.31
128.47
128.49
128.51
128.51
128.62
128.67
128.70
128.76
128.78
128.83
128.85
128.95
128.98
129.01
129.12
129.36
129.37
129.61
129.62
129.63
129.82
129.96
130.22
130.25
130.29
130.31
130.58
130.76
131.13
131.15
131.52
131.60
132.15
133.25
133.43
133.52
133.83
133.83
133.92
134.01
134.03
134.10
134.31
134.37
134.39
134.42
134.45
134.48
134.48
134.49
134.55
134.67
135.01
135.02
135.05
135.11
135.18
135.22
135.23
135.29
135.32
135.39
135.52
135.62
135.69
135.74
135.77
135.79
135.89
136.08
136.21
136.34
136.51
136.65
136.88
137.02
137.36
137.40
137.54
137.80
137.85
137.87
137.99
137.99
138.21
138.42
138.84
138.95
139.28
139.31
139.33
139.35
139.81
139.84
140.06
140.10
140.65
140.97
141.19
141.24
141.75
141.97
142.32
142.48
143.53
143.62
144.57
144.89
145.66
146.37
148.65
149.34
149.60
149.81
149.86
150.35
150.94
151.29
151.32
151.51
152.06
152.63
152.75
153.28
153.64
153.65
154.31
154.59
154.84
155.28
155.90
156.07
156.31
156.33
156.57
156.71
157.41
158.08
158.53
158.53
159.00
159.26
159.50
160.31
160.39
160.39
161.36
161.67
162.18
162.31
162.33
162.37
162.48
162.78
162.81
163.14
163.18
163.70
163.79
164.05
164.10
164.11
164.23
164.24
164.29
164.38
164.40
164.42
164.48
164.49
164.54
164.57
164.60
164.64
164.65
164.69
164.69
164.71
164.78
164.80
164.87
164.90
164.93
164.95
164.98
164.99
164.99
165.02
165.06
165.09
165.26
165.27
165.34
165.39
165.48
165.54
165.56
165.57
165.59
165.60
165.60
165.60
165.64
165.70
165.70
165.73
165.75
165.78
165.86
165.88
165.96
166.00
166.02
166.03
166.14
166.23
166.24
166.26
166.27
166.30
166.34
166.36
166.44
166.53
166.57
166.61
166.62
166.65
166.66
166.67
166.73
166.73
166.77
166.89
167.01
167.07
167.21
167.28
167.33
167.35
167.36
167.41
167.45
167.45
167.47
167.54
167.65
167.72
167.93
167.98
168.04
168.24
168.24
168.36
168.42
168.43
168.61
168.68
168.68
168.78
168.92
168.98
169.03
169.07
169.14
169.27
169.59
169.67
169.78
169.88
170.09
170.12
170.23
170.47
170.68
170.69
170.69
170.75
170.86
170.89
170.98
171.02
171.34
171.37
171.44
171.50
171.51
171.56
171.57
171.61
171.63
171.66
171.88
171.89
172.13
172.20
172.26
172.28
172.34
172.40
172.44
172.53
172.54
172.57
172.66
172.79
172.84
172.85
172.87
172.95
172.99
173.15
173.20
173.54
173.63
173.72
173.85
173.90
173.93
173.94
174.10
174.34
174.35
174.37
174.50
174.54
174.86
175.04
175.07
175.30
175.39
175.43
175.45
175.57
175.74
175.82
176.02
176.22
176.25
176.27
176.33
176.38
176.43
176.47
176.52
176.52
176.55
176.68
176.90
176.97
177.03
177.14
177.14
177.20
177.29
177.37
177.49
177.63
177.76
177.94
177.96
178.02
178.05
178.22
178.28
178.34
178.41
178.58
178.77
178.86
178.88
178.99
179.10
179.17
179.18
179.22
179.24
179.24
179.31
179.48
179.48
179.70
179.77
179.91
180.01
180.23
180.23
180.63
180.76
180.85
181.02
181.04
181.14
181.17
181.21
181.31
181.34
181.36
181.67
181.85
182.01
182.04
182.16
182.25
182.27
182.31
182.31
182.31
182.64
182.70
182.73
182.80
183.05
183.10
183.15
183.35
183.50
183.53
183.56
183.59
183.71
183.83
183.86
183.87
184.34
184.83
184.89
185.14
185.49
185.50
185.53
185.59
185.78
185.82
185.93
186.17
186.39
186.41
186.80
186.89
187.25
187.33
187.61
187.86
188.37
188.50
188.79
189.06
189.09
189.35
189.41
189.42
189.47
189.50
189.80
189.87
189.88
189.99
190.14
190.22
190.23
190.25
190.27
190.27
190.30
190.35
190.37
190.44
190.61
190.62
190.65
190.71
190.72
190.72
190.86
190.94
191.08
191.17
191.20
191.21
191.28
191.30
191.41
191.43
191.66
192.00
192.11
192.12
192.13
192.32
192.36
192.36
192.45
192.52
192.53
192.57
192.75
192.84
192.95
192.99
193.03
193.07
193.26
193.46
193.48
193.68
193.78
193.78
193.80
193.85
193.99
194.04
194.09
194.12
194.13
194.14
194.27
194.31
194.32
194.41
194.43
194.56
194.56
194.57
194.84
194.87
194.91
194.94
195.09
195.11
195.38
195.46
195.50
195.51
195.52
195.53
195.59
195.68
195.85
195.93
195.99
196.11
196.14
196.22
196.40
196.42
196.45
196.48
196.51
196.56
196.58
196.61
196.67
196.70
196.72
196.74
196.79
196.79
196.84
196.86
196.90
196.92
196.93
196.93
196.94
196.95
197.04
197.07
197.09
197.12
197.16
197.19
197.22
197.29
197.30
197.37
197.37
197.44
197.45
197.47
197.51
197.52
197.55
197.64
197.66
197.68
197.72
197.80
197.83
197.92
197.93
197.93
197.96
198.01
198.02
198.02
198.08
198.10
198.28
198.29
198.37
198.38
198.39
198.50
198.66
198.70
198.75
198.86
199.05
199.07
199.21
199.29
199.47
199.54
199.66
199.73
199.74
199.96
200.11
200.16
200.23
200.23
200.28
200.65
200.68
200.73
200.74
200.86
200.87
201.03
201.36
202.04
202.09
202.15
202.19
202.59
202.75
202.93
203.90
204.23
204.24
205.15
206.28
206.84
206.92
207.13
207.41
207.47
207.54
207.59
207.67
207.76
207.96
207.97
208.06
208.12
208.32
208.40
208.48
208.57
208.68
208.75
208.82
208.99
209.03
209.30
209.31
209.38
209.49
209.73
209.76
209.77
209.81
209.88
210.19
210.31
210.40
210.42
210.45
210.55
210.59
210.68
211.41
213.24
214.42
214.90
215.51
216.41
216.64
216.70
216.70
216.74
216.80
216.95
217.13
217.20
217.32
217.64
217.65
217.89
219.64
219.83
219.89
219.99
219.99
220.02
220.07
220.15
220.28
220.36
220.54
220.64
220.67
220.70
220.77
220.84
220.85
220.87
220.91
221.00
221.16
221.22
221.27
221.31
221.32
221.34
221.37
221.39
221.48
221.48
221.51
221.63
221.64
221.66
221.76
221.81
221.88
221.99
222.01
222.15
222.15
222.18
222.34
222.44
222.44
222.50
223.16
223.52
223.54
223.57
223.86
223.91
224.01
224.22
225.01
225.25
225.26
225.39
225.85
226.12
226.60
227.18
227.29
228.82
230.24
233.08
233.18
233.78
234.15
234.40
234.49
237.28
239.51
241.36
242.05
242.07
245.24
246.10
249.37
249.55
250.47
250.85
252.52
261.35
264.17
264.70
265.26
266.67
269.06
276.14
280.88
281.98
